sitting_0
Scores:  tensor([3.1414e-04, 1.8384e-03, 1.8841e-03, 2.3259e-01, 4.2771e-04, 1.2280e-03,
        6.9792e-04, 7.3238e-04, 2.0657e-03, 6.6949e-03, 2.5665e-02, 7.3177e-03,
        2.5790e-03, 4.2699e-01, 7.5836e-02, 2.4243e-03, 8.5688e-04, 9.5990e-04,
        5.7369e-04, 3.2327e-03, 1.2097e-03, 3.5503e-03, 7.3330e-04, 7.9300e-03,
        4.9450e-03, 7.3160e-03, 4.8620e-03, 6.7776e-04, 1.4063e-03, 1.1102e-03,
        3.1594e-04, 2.1964e-04, 1.5525e-03, 5.9937e-03, 5.7648e-04, 1.9197e-02,
        7.2685e-02, 2.8398e-04, 1.6008e-03, 5.0702e-04, 1.3270e-03, 4.3121e-03,
        8.1530e-04, 1.5754e-03, 1.0302e-03, 3.0955e-03, 3.0248e-03, 1.9137e-02,
        9.4025e-03, 5.0069e-04, 4.3664e-04, 1.1130e-03, 4.0563e-04, 4.6037e-05,
        1.4442e-02, 3.2397e-04, 6.8205e-04, 1.4242e-03, 3.7829e-03, 1.5349e-03],
       device='cuda:0')
Highest Score tensor(0.4270, device='cuda:0')


sitting_1
Scores:  tensor([2.5540e-06, 1.5124e-05, 2.3865e-04, 8.7247e-04, 2.8604e-07, 6.6760e-04,
        7.3195e-07, 1.0651e-05, 3.2958e-04, 6.6446e-05, 1.7783e-04, 8.3788e-04,
        3.3839e-07, 1.3289e-03, 9.0334e-05, 4.8947e-03, 4.7395e-04, 1.3281e-04,
        3.4432e-06, 8.5158e-05, 1.3965e-06, 7.6599e-05, 8.3802e-06, 1.7704e-06,
        8.0599e-05, 1.4045e-03, 5.0681e-04, 3.4646e-05, 2.3884e-04, 4.5234e-06,
        9.7220e-07, 1.3342e-05, 1.9889e-06, 1.0665e-05, 5.2351e-05, 5.9463e-05,
        1.5029e-03, 9.7073e-07, 5.4173e-05, 9.3585e-06, 5.3670e-05, 6.9165e-04,
        1.6251e-04, 8.5665e-05, 6.1324e-05, 1.3178e-05, 1.8347e-04, 2.2486e-01,
        1.6817e-05, 3.1131e-04, 5.6372e-04, 7.1809e-04, 4.2692e-04, 6.4502e-05,
        8.9324e-03, 1.9286e-04, 5.4106e-03, 2.0674e-03, 7.3545e-01, 5.4445e-03],
       device='cuda:0')
Highest Score tensor(0.7354, device='cuda:0')


sitting_2
Scores:  tensor([3.5616e-04, 6.5235e-04, 5.6277e-03, 1.4021e-03, 2.5518e-03, 3.6132e-03,
        4.7268e-03, 3.5065e-03, 6.3289e-03, 5.2329e-03, 1.4308e-03, 3.0038e-03,
        8.1739e-04, 7.3927e-03, 1.3168e-02, 3.3715e-02, 2.4867e-02, 9.5038e-04,
        2.2621e-03, 1.4369e-03, 9.2893e-04, 1.9764e-02, 1.6446e-02, 3.6081e-02,
        3.9958e-03, 2.5579e-01, 5.8012e-03, 7.8476e-04, 2.4426e-03, 1.3068e-03,
        1.1376e-02, 5.4699e-03, 2.3795e-03, 1.9543e-03, 1.1593e-03, 9.2594e-03,
        6.4138e-04, 1.3413e-03, 1.1108e-03, 5.8166e-03, 1.4249e-03, 4.3929e-01,
        8.1496e-03, 1.3041e-03, 8.8229e-04, 9.8797e-03, 2.5796e-04, 4.2522e-03,
        5.4716e-03, 3.5759e-04, 2.4752e-03, 2.4900e-03, 5.6311e-04, 7.5542e-05,
        5.1855e-04, 5.9945e-05, 3.1383e-04, 1.1827e-03, 8.3598e-03, 5.7982e-03],
       device='cuda:0')
Highest Score tensor(0.4393, device='cuda:0')


sitting_3
Scores:  tensor([3.3228e-05, 2.3717e-04, 1.9004e-03, 9.6756e-03, 3.0789e-04, 2.8930e-03,
        1.1155e-03, 2.1926e-03, 9.4089e-04, 1.6182e-02, 8.1099e-04, 4.1352e-03,
        4.1411e-04, 3.6294e-02, 3.5535e-03, 4.9984e-03, 1.3770e-03, 2.9108e-04,
        5.6813e-04, 4.1735e-03, 5.6601e-04, 4.7427e-01, 7.2910e-03, 1.2306e-03,
        3.6863e-04, 3.1440e-01, 3.6265e-02, 1.0273e-04, 9.6428e-04, 4.4352e-04,
        1.4947e-03, 1.1435e-03, 8.0693e-04, 4.9201e-04, 2.7369e-04, 2.4237e-03,
        2.4391e-03, 1.3218e-03, 2.3711e-04, 6.3054e-03, 6.3372e-04, 5.2491e-03,
        1.3538e-02, 1.9783e-03, 1.9547e-04, 1.2498e-03, 8.8363e-05, 1.2323e-02,
        1.8052e-03, 2.3466e-04, 3.5234e-04, 2.4332e-03, 5.9694e-03, 7.4235e-05,
        1.6979e-03, 1.2049e-04, 2.9965e-04, 1.0616e-03, 2.5266e-03, 3.2340e-03],
       device='cuda:0')
Highest Score tensor(0.4743, device='cuda:0')


standing_0
Scores:  tensor([1.5616e-05, 1.2503e-04, 9.3529e-04, 1.0270e-03, 4.2573e-06, 1.2421e-02,
        1.0276e-05, 2.1856e-04, 2.1967e-04, 1.3084e-03, 1.0261e-03, 1.7332e-02,
        6.7348e-06, 1.1856e-02, 3.0797e-04, 1.6380e-02, 1.8261e-03, 5.0486e-04,
        1.9711e-05, 7.6235e-04, 2.4153e-05, 6.5666e-03, 7.3472e-05, 8.1186e-06,
        5.8415e-05, 1.3711e-02, 2.2418e-03, 1.6771e-04, 1.1957e-03, 3.6847e-05,
        2.7297e-05, 2.7127e-04, 3.0193e-05, 5.9310e-05, 1.3509e-04, 1.1853e-04,
        5.2126e-03, 1.5507e-05, 2.7758e-04, 5.9512e-04, 1.3542e-04, 2.2213e-04,
        2.6103e-02, 4.7652e-04, 1.4755e-04, 1.8389e-05, 4.1659e-04, 5.3768e-01,
        6.8713e-05, 2.5700e-03, 3.2067e-03, 1.0828e-02, 7.8378e-03, 1.1944e-03,
        8.3541e-02, 3.9212e-03, 8.2385e-03, 9.6260e-03, 1.6589e-01, 4.0736e-02],
       device='cuda:0')
Highest Score tensor(0.5377, device='cuda:0')


standing_1
Scores:  tensor([3.4298e-06, 1.8220e-05, 7.1951e-05, 1.1395e-03, 1.1650e-06, 1.9596e-04,
        3.5490e-07, 3.5866e-05, 3.6357e-04, 2.0723e-04, 7.7216e-04, 3.0090e-03,
        1.0798e-06, 1.5153e-03, 2.3017e-04, 7.1830e-03, 1.1240e-03, 3.0613e-04,
        4.0559e-06, 1.5067e-04, 2.9620e-06, 1.8880e-04, 3.7544e-06, 1.1634e-06,
        5.4372e-05, 1.8712e-03, 1.6189e-04, 2.6347e-05, 3.1857e-04, 9.5929e-05,
        3.1168e-07, 9.3368e-06, 1.2601e-06, 2.5427e-05, 1.3345e-04, 1.7821e-04,
        2.2886e-03, 4.1224e-07, 5.6729e-05, 1.0297e-05, 1.8911e-05, 9.6631e-05,
        8.8107e-05, 1.4335e-04, 4.1634e-05, 1.5336e-05, 2.7988e-04, 3.4597e-01,
        3.1559e-05, 5.8114e-04, 1.3666e-03, 1.3121e-03, 2.0481e-03, 1.2194e-04,
        1.0076e-02, 5.8740e-04, 6.1388e-02, 8.9001e-03, 5.3819e-01, 6.9730e-03],
       device='cuda:0')
Highest Score tensor(0.5382, device='cuda:0')


standing_2
Scores:  tensor([2.7148e-07, 7.2105e-06, 9.5089e-05, 2.9059e-03, 1.1606e-07, 3.7376e-04,
        6.0768e-06, 1.2836e-05, 4.4630e-05, 3.7094e-04, 1.8563e-05, 2.8371e-04,
        1.0798e-06, 6.8416e-01, 1.8988e-04, 7.8698e-05, 9.7710e-06, 3.3995e-06,
        1.7799e-06, 1.1150e-04, 7.0016e-06, 2.1119e-01, 7.7909e-05, 8.9507e-07,
        7.7996e-07, 4.7602e-03, 4.1767e-03, 2.0689e-06, 1.1256e-05, 2.8237e-06,
        9.9176e-07, 8.0269e-07, 1.9544e-06, 9.3347e-06, 7.6629e-06, 5.3569e-05,
        1.4262e-03, 3.0553e-06, 9.1046e-07, 1.5510e-04, 1.3414e-05, 2.0027e-05,
        3.5106e-04, 3.1333e-05, 1.1079e-06, 3.4795e-06, 3.2480e-05, 9.4833e-03,
        3.3220e-05, 4.1508e-04, 2.1394e-04, 2.6111e-02, 2.3241e-02, 4.0049e-05,
        1.1506e-02, 1.3702e-04, 4.0623e-04, 5.8142e-04, 1.1857e-02, 4.9573e-03],
       device='cuda:0')
Highest Score tensor(0.6842, device='cuda:0')


standing_3
Scores:  tensor([3.1011e-07, 1.1111e-05, 1.2101e-04, 1.4736e-02, 3.6703e-07, 1.6559e-04,
        2.8164e-06, 5.1428e-05, 3.1266e-04, 6.6497e-04, 3.0277e-04, 1.9341e-03,
        1.4296e-06, 1.2709e-01, 7.6156e-04, 1.2799e-03, 2.1964e-04, 7.3683e-05,
        4.2045e-06, 4.1486e-04, 6.2257e-06, 2.4619e-02, 5.4762e-05, 4.6305e-06,
        1.0959e-05, 2.5252e-02, 6.4409e-03, 7.7438e-06, 1.0035e-04, 1.8869e-05,
        1.5157e-06, 4.5403e-06, 3.7598e-06, 1.0659e-05, 2.2664e-05, 2.4357e-04,
        2.8257e-03, 2.5207e-06, 1.4205e-05, 6.5393e-05, 3.8956e-05, 1.4984e-04,
        5.8256e-04, 1.2999e-04, 6.4307e-06, 2.0186e-05, 3.1474e-04, 4.0671e-01,
        2.2869e-05, 1.1004e-03, 2.7056e-03, 2.0638e-02, 2.6494e-02, 1.2855e-04,
        1.9608e-02, 3.8266e-04, 7.6789e-03, 2.2618e-03, 2.7525e-01, 2.7921e-02],
       device='cuda:0')


sleeping_0
Scores:  tensor([4.4773e-04, 1.1496e-03, 1.2508e-02, 1.7878e-02, 5.7876e-04, 7.3350e-03,
        1.0017e-03, 3.2289e-03, 3.7279e-03, 1.0081e-02, 3.2334e-03, 3.0127e-02,
        2.5819e-03, 1.5256e-01, 4.0246e-03, 1.9050e-02, 5.4318e-02, 2.9034e-03,
        1.8980e-03, 4.7029e-03, 1.3145e-03, 7.0018e-02, 1.2005e-02, 3.0137e-01,
        9.9406e-04, 6.8403e-02, 5.6021e-03, 1.5667e-03, 2.6174e-03, 2.4528e-03,
        2.1757e-03, 5.5994e-04, 1.0830e-03, 7.5040e-03, 6.7289e-04, 3.2413e-03,
        2.0322e-02, 9.8424e-04, 1.3791e-03, 3.7557e-03, 1.4812e-03, 2.0417e-02,
        4.2736e-02, 4.4771e-03, 2.6575e-04, 1.2155e-03, 1.5710e-03, 1.4379e-02,
        3.0557e-02, 1.5444e-04, 1.6580e-02, 2.2516e-03, 4.0290e-04, 1.9160e-04,
        9.4013e-04, 1.7597e-04, 2.1461e-04, 2.0231e-03, 1.0401e-02, 8.2071e-03],
       device='cuda:0')
Highest Score tensor(0.3014, device='cuda:0')



sleeping_1
Scores:  tensor([2.5091e-03, 2.3879e-03, 4.1192e-01, 3.7576e-03, 3.9714e-04, 9.4805e-03,
        8.5699e-04, 2.7460e-03, 3.0792e-03, 4.2605e-03, 7.3228e-03, 1.3064e-02,
        6.0158e-04, 4.7846e-03, 2.1333e-03, 1.8845e-01, 3.2415e-02, 2.4887e-03,
        3.7750e-03, 1.8975e-03, 1.1609e-03, 1.9327e-03, 4.3052e-02, 2.0548e-02,
        5.4692e-03, 9.3176e-03, 1.1959e-03, 1.7135e-02, 1.6524e-02, 4.4562e-03,
        3.4803e-03, 1.2431e-02, 1.6391e-03, 4.6793e-03, 8.9726e-04, 2.1348e-03,
        2.3769e-03, 1.1348e-03, 3.9932e-04, 6.6257e-04, 1.2006e-03, 3.1845e-02,
        1.5616e-02, 1.7429e-02, 6.4117e-03, 9.7142e-03, 8.7665e-03, 8.3613e-03,
        2.2449e-02, 1.0011e-04, 9.3186e-04, 6.9841e-04, 3.2284e-03, 9.5395e-05,
        5.2549e-04, 1.0363e-04, 4.4693e-04, 3.6561e-03, 9.9457e-03, 9.5200e-03],
       device='cuda:0')
Highest Score tensor(0.4119, device='cuda:0')



sleeping_2
Scores:  tensor([4.5426e-05, 2.0431e-04, 2.1574e-03, 7.6792e-03, 1.4263e-04, 1.7110e-03,
        7.5483e-04, 8.7669e-04, 4.0746e-03, 5.8859e-03, 1.4532e-03, 1.3727e-02,
        8.2154e-05, 7.2981e-03, 3.2780e-03, 1.5524e-01, 6.1468e-02, 2.6097e-03,
        3.4312e-04, 3.5048e-03, 3.3350e-04, 1.9296e-02, 1.4983e-02, 4.2725e-03,
        1.2463e-03, 1.9992e-02, 8.6250e-04, 2.3819e-04, 9.2170e-04, 8.5543e-04,
        1.8660e-03, 6.6289e-04, 2.0180e-04, 8.4403e-04, 5.7553e-04, 1.8210e-03,
        1.9957e-03, 3.9633e-04, 4.4549e-04, 9.3204e-04, 1.0961e-03, 9.4833e-03,
        1.2318e-02, 3.2739e-03, 4.8536e-04, 1.2703e-03, 1.3994e-03, 6.0437e-01,
        1.1935e-03, 1.6604e-04, 4.9173e-04, 5.5916e-04, 4.3258e-04, 5.9309e-05,
        4.5128e-04, 4.3925e-05, 1.7724e-04, 1.1748e-03, 1.4144e-02, 2.1291e-03],
       device='cuda:0')
Highest Score tensor(0.6044, device='cuda:0')



sleeping_3
Scores:  tensor([1.0641e-05, 3.4551e-05, 2.6204e-04, 8.1036e-03, 2.8474e-06, 1.4339e-03,
        2.8873e-06, 6.4567e-05, 3.4476e-04, 2.1759e-03, 6.8693e-04, 1.0889e-02,
        5.9642e-06, 3.2742e-02, 3.4983e-04, 6.5476e-03, 1.1338e-03, 4.3888e-04,
        2.2420e-05, 8.9248e-04, 2.3977e-05, 1.3679e-02, 1.4718e-04, 3.3425e-05,
        1.9529e-05, 1.8446e-03, 6.3278e-04, 2.5509e-04, 2.0634e-04, 8.4901e-05,
        7.6509e-06, 1.2856e-05, 5.9286e-06, 3.5782e-04, 5.8716e-05, 1.0084e-04,
        1.5250e-02, 7.1963e-06, 3.5699e-04, 4.5242e-04, 8.1672e-05, 7.1724e-05,
        3.5478e-03, 1.0211e-03, 2.5829e-05, 9.5477e-06, 6.3755e-04, 1.2922e-01,
        8.8950e-04, 1.4983e-03, 9.9373e-03, 6.6667e-03, 3.2914e-03, 3.8366e-03,
        3.4601e-02, 2.7600e-03, 6.3096e-03, 1.7500e-02, 6.4811e-01, 3.0304e-02],
       device='cuda:0')
Highest Score tensor(0.6481, device='cuda:0')